1706492357
1829779829
391995799
2080372315
212780101
2029279911
1470673742
351433090
658131120
762078524
1236376479
1972415750
983866400
1484357426
1154651789
1362743818
712742586
565142171
1993736511
1383385576
387996425
93148099
1326797405
500239437
1652403108
1143664906
14704899
1560050493
1287205370
1984063870
1925097649
846214079
1666360052
169609800
779102746
1879140153
51406064
102292840
83089595
709537184
864371365
1319466075
534469286
1848237765
656339853
1689121075
1063497935
1369082439
106779598
909750798
604984368
494776023
1002898897
1931781773
995015460
507818357
927963032
1009720359
2067868850
67684754
846300582
1845482852
913898834
365176986
2015092652
1693001580
96833491
2066498716
1795294421
179923087
628552252
512182138
1499389162
1163021538
212936255
8245367
704658965
1276434191
1377327806
811438564
38701341
1982312174
1306214587
1041600239
1766610300
153746400
1549418596
547089684
1163466759
1469803799
614774438
2009767341
1167803003
1528673272
227460679
1035412007
1074191205
324294171
954427076
722001978
504217258
1582979328
1234184116
2003606420
598517219
1447120371
2011851787
1303176184
576070914
1241695945
2114614748
614772256
1076524472
1273345688
1656372495
695651124
1427092088
1058307443
1242740808
443075199
380627594
1857515246
305358893
1548430597
1238704871
532819572
436358957
165412428
857113743
1390786033
887414406
1361331001
826281713
2121598522
1217453773
1424798932
1421235245
1081821912
580491469
1997306160
176034210
547622569
464594768
1252558682
1820968257
2120967263
1948209806
1100576697
1031791058
1043466966
1543651897
1412418653
753498564
1849010790
813365602
1992203435
234346714
1249724559
10132215
1091460458
493026944
897546621
305307811
1319308658
871661495
1522761585
596623942
145413093
457099849
1177115411
2142719253
633134059
1724737981
459830373
1885692741
1398222590
433313988
1686418899
351315640
1465105046
582402217
1894967537
730040051
1335900782
1596494679
1543405654
1180620569
1830841393
645646565
1190752785
774818203
1138673510
2088299406
1080126015
310498520
812477254
455403952
907122462
957890347
912503801
2084237874
953125952
1545637861
1661492207
1412956325
1283846954
912231149
1846270313
822782206
1263546789
1163891711
1405184423
1011030678
1893931763
593601557
460041709
1289853769
1774222127
143399455
1935500334
817491264
918217658
926690196
758307022
1998343673
1237188716
1570784276
306263977
2144311179
381190975
1218767779
2081065405
1334316927
616921992
1595073964
599789604
1900768946
359821465
298576269
576067504
1623368255
1462467981
1981251928
486915285
1208916096
427369837
946956995
351286217
54108316
1090356450
139302903
871599580
2008574108
1065993100
1629906603
1859434134
155698168
1053207231
18214463
152525699
1434398207
1236982242
86107456
621231486
1853904234
1681181420
1221021091
1607189533
2041002886
1519597360
35773389
1516887493
834581693
2017025317
2003802778
2043497789
296911507
803276125
247300358
351019823
1893632575
386603262
1222619404
1754723036
1452596362
705042359
1466673522
1608294530
1758249590
1484887985
1760820230
1045164149
574386580
1846927686
1666395636
280807166
1380625459
739933079
1887996699
1274144697
112046791
1923770089
643548542
946628485
1793311758
499867672
842642626
2090223265
1303143798
1089942985
293759441
1049292725
1476546247
1516378845
656532113
781658961
73937556
2123205635
242469843
1832187146
1460609973
2003290073
729867648
2034996553
1702734112
248779636
168320071
935875923
988712715
2056316771
62536972
1100759506
1832603212
706085514
2047387991
1478431322
1205953186
742546970
1421170940
361613336
1832489955
1714930381
1410906062
1161552554
1083825578
2067438175
1943211515
1157763134
2043160163
38197710
842466632
1356286488
2041487784
1572334280
1243799393
1596738248
1821113916
1412119464
385130523
662342983
1320952587
447667495
1763102490
1006072151
1153753009
1663006833
337019826
212222547
258070155
1758190766
573835884
2090560110
1325637499
1984741946
1104629016
261979429
1904696473
900356883
1419742563
1800372988
938554594
114725547
1009175828
832558730
1687059828
105491573
281813330
1360690096
1517611038
666943853
2023033080
691079977
1114611348
1638651922
1697152129
120880709
1154175107
2034171955
333103256
1412245263
1644879073
906939140
1355321725
823032924
744197438
312467094
1085012353
501410264
1212823977
357271268
154299604
3894923
471996815
1163475433
836453653
11572995
1268967006
1118266983
1372263092
639094396
1785210836
1247812524
1330174374
752338536
738980798
879842855
873219245
1893155905
766531162
1206322502
1157917520
263926587
2113261642
365755598
1086959511
709975433
678222692
24488216
1211385697
1891046669
381759484
1365685301
1894941593
853756299
381677086
583911598
865329295
1650644093
1702178582
90108739
142254841
1339905770
1337921263
1472429215
2092244307
2076902061
204788422
817979904
1822574318
971319584
2024302406
833008191
1235246171
1990080401
1198763789
174722034
552572186
1876986481
199210250
1763957883
1620549502
580969734
982159536
1368007447
1434726034
1363836623
1951919046
152571681
866997068
1506613980
242680420
1009251909
699036102
1580601683
334197477
643796761
1510020096
538985899
1461776666
1185110766
1510305484
1338595424
2018118957
598068007
1181192177
1069399098
772790042
1733764363
798901931
972000292
1350238598
271967786
1552970027
184914487
1639975233
840212413
1548751110
1444410631
992784094
268264530
803540963
1235464514
1277516439
1502577066
668582549
1611713916
2146373827
31118997
3216168
1460666845
1216229763
1513521652
651778622
1086865073
2111589659
1832970799
8780523
736896053
1419251515
807682455
1708896346
622006465
1079650241
1114382725
806920952
572141826
1954595138
208188414
2016552458
799895584
476452944
672609773
2035360098
1753969384
27703191
556458999
1218199652
26593371
587577996
1221415820
1487260216
1803807759
587453824
2139038838
743189184
551559836
1824525990
751969708
1288455889
1096293857
1559652163
849868587
1718300322
491818756
1964251312
377737627
1063960582
1771362802
585926041
933029392
423774738
1062378986
1605639166
311651188
668864722
1633342357
868110187
1887064374
1659935728
1455688183
960996547
999712297
1112012295
1548450371
991267487
1855201479
2100010207
668309829
459687539
1240982449
1764603686
2019339702
2090851036
1335420361
363674810
1907618701
1713157988
1427635393
1531497855
151600381
213181137
1955272594
1213979367
1818820303
119440134
1882844089
1304679013
987550322
1622424816
817131093
295754857
435937715
1816843390
1407767152
1984388086
660627230
1115484984
1936914646
1328937059
1575172523
1030413447
946057098
1447028578
973780835
133993811
1810703388
733915888
1847151799
1090855133
117930096
1998752180
1304036271
2073202690
1065247900
975372926
45159176
800608341
132568291
1032709498
275549509
949699385
1328464356
711487224
619059127
588747860
548391663
1279686357
1704232844
337822661
461139769
1131921720
1368236108
1407196867
431466650
194533295
1541190678
94686390
928449184
1240858829
1185541524
1046379280
1092127361
342094147
972098322
9891613
1317467073
1017257498
810499955
1450035365
2049966997
1086049464
252251102
1230947705
1797536689
871310229
1819695565
198444704
3512939
1376444762
536267365
464652708
360882834
1904503473
1871849575
792349484
2099036768
1265556605
887035874
880002304
358931786
2072577398
1926381584
1451059147
267187897
750996258
1460950761
1584654971
1768253757
123967068
887206688
1670737106
1210016532
1139457790
754201163
860069573
2010768019
426413080
1058514277
2014280958
1802857842
1594781642
331450018
16257028
1351801467
55815945
808606512
1303354588
1321372550
1695642387
35873244
1680304336
1620736137
1962254829
983879836
1887924035
565767439
297346949
1325095358
186537548
421314017
64818398
1857274654
1631330549
1204276188
463992169
343916475
1067560559
890405250
1402430752
934357870
545779444
849728747
1265807888
562036473
54046566
1321623834
1370642985
1357401154
495512736
918801724
1393274399
28333425
392054214
1208045580
1012213261
132494601
1773813019
1309560210
1457589959
1960350568
1730874227
1522408357
1670141574
1214721128
579200897
2134133744
1558637603
1646761456
877055346
813584708
433635678
1422834790
1663313455
1699443567
1984871263
1717360021
873583753
1208030601
927277528
1369096489
2126832325
173068279
1397429914
371402891
1381113859
262159527
503897492
1007443230
1571719737
1961487451
820310150
1155110316
1336412160
342968077
222347797
1915613057
329618173
1780985400
1414890866
1206673519
447086460
1848526544
482024661
2110399915
1400486463
319412277
1680276289
126586568
1527442878
460070169
1495683058
1506791555
633138448
745629324
1878194447
2014252307
1007788852
234608291
874211889
432024941
48612095
1694522040
1587135258
1385024255
2037490117
1809483055
1153153665
219624642
1442984807
420560883
1426298161
1890071268
121603779
1908322822
1852987535
1522090243
80251451
1385780176
1648676811
1607694329
1845850345
996876221
967002237
331505145
1742505546
697713036
198273804
602810750
932321327
1072485694
1034835691
980933422
619524086
474487301
218474030
509530555
136486708
1371627695
729155197
1579471516
1792188578
7969710
1322059136
1913792357
1916292532
1027563023
1288398952
1996543984
265859552
789592116
1456754665
2111709897
1786468337
276273254
295731395
1381490235
973986290
494005199
1984300985
1906307618
1566490893
871653029
739757392
38531331
1346140330
958231422
548061886
1482627039
182375469
1277217083
914614907
1974564047
1285186793
89190395
1740872757
1053995678
1116753418
881788061
903056014
1382612970
1671380177
212327031
1346839220
1310364867
488600286
1642570615
544371454
1462586576
2136575814
381188792
1221410546
1555583060
1252841821
1961167939
1594114391
451498503
771915713
2142176278
1934125542
954291183
1271909713
701256801
781371582
409612859
790447196
374760691
1463608537
1907200615
1256548753
219180903
1142329937
780445282
431507934
341685509
2090810149
920108220
1984256124
487697956
235211149
1973348291
868886748
1456621695
1381447703
2121728569
1270305986
828078446
425743424
2042221700
822771076
212385319
849029235
2094680790
913642120
1630400817
356810001
1704089317
2005161509
1820418538
1463806284
1114226614
2039599441
458652573
1894671896
323623727
800338083
1837998398
1243731948
637110559
178212706
1478943097
462975202
1047099454
788081144
1844422905
1021344375
2058387131
525017704
1447087799
1953125183
1347788780
1659473118
654670770
1294985922
425631591
137587939
1651795923
2129720908
2142749448
1324730813
1446043544
1109492414
1216846606
1904696117
856680663
1540470334
557550552
547195413
636718634
1194661112
725408119