31828
20686
4079
29776
7059
15234
8638
18275
3609
4341
18844
18785
17555
15466
19922
20291
2215
18241
8014
7944
32230
9755
574
17916
12028
24895
9438
9274
31530
7229
6286
20848
30711
16593
24872
16098
6946
20745
3728
15026
16602
9386
5261
14430
25137
5585
21719
650
4047
24790
3953
14848
1251
15221
11576
17909
26208
26416
6333
6542
613
17135
6480
29346
9212
8170
25693
30146
20232
24008
22780
19318
30841
4616
6595
8906
3778
16033
30942
15625
26253
23525
27234
26313
24493
14763
28895
551
22100
31661
14389
1620
13446
13615
21160
6225
14285
26594
19510
8438
16175
27143
2087
1081
13661
30679
7399
23981
27437
29731
8721
26185
30282
7224
9420
26475
26666
13061
13914
24348
28993
26496
18670
14742
17525
31301
20158
17412
20177
26240
20314
15496
6013
4622
26428
9090
23534
18655
26016
12816
15450
1951
31894
6609
3183
22933
14165
29167
7236
19915
10962
30044
3472
18287
5265
30299
2330
11641
23483
11075
26736
15758
10354
14463
10204
1572
1377
7130
13460
19432
16279
23802
27441
24156
30869
10025
23138
8133
7845
12380
7650
17476
16238
4461
26023
3139
26822
29612
32093
32274
3015
14230
26642
25298
5669
30948
25651
2707
13758
5064
27575
7097
31347
3955
1178
29092
18999
4570
30093
20112
23397
16570
13036
25785
10583
13273
6128
31427
5940
23696
16422
12122
13577
1670
5407
8214
23324
21950
25705
30625
3965
26068
4543
10011
27101
28291
14717
20157
27043
4459
22359
6589
29245
13585
17737
4466
25012
4392
9937
11193
30084
20495
5213
6295
29098
27034
6911
4896
15870
6933
25704
14743
28099
8326
6932
12502
25981
4915
24258
5872
4866
4452
23847
2326
27604
4970
25315
16567
9646
4576
30900
3051
23901
24881
24810
9490
8145
26203
2331
11704
2420
2290
17431
20669
28603
1639
24606
20402
18682
2698
27985
32645
18044
12622
18535
30817
21715
21964
15777
31952
30317
21131
22528
23587
11368
5887
12469
21523
24999
13903
21209
13736
3110
21340
1886
20826
30858
3582
7494
28279
29693
21904
530
20932
18488
17584
15998
5991
15841
27200
11115
25604
6424
9136
29469
12583
17485
27776
12966
14562
7508
18176
20386
17591
6331
8795
22053
25527
12123
25043
29426
19436
18989
26958
24046
27381
8287
21266
18644
27120
15271
13005
9769
10397
5848
2520
23667
29631
2739
20668
14758
31430
31999
14838
15071
18604
1500
4599
31828
17437
32596
24687
25995
31450
13107
11979
26059
15455
6936
6140
21713
18372
26317
1403
19395
4321
15572
15754
2666
24757
26946
9916
15515
21769
28369
25783
13302
848
11824
12857
27092
17106
6045
7257
23930
25097
6838
784
8851
19275
18572
759
13277
23722
23546
11346
24098
30489
7221
11086
22378
2256
19875
17799
22127
5873
9457
20685
15953
2667
28768
1832
12939
17438
27487
23577
10022
15425
28767
14115
16684
12545
31971
14218
7008
10347
15318
25947
17196
18828
2594
29612
475
20695
10622
30757
17928
9159
5511
15296
16726
18373
12051
2252
3682
16459
12738
6712
29430
6218
10198
4110
4736
6857
20548
3390
9410
32463
11018
25245
1226
2692
8132
27437
11301
29075
29306
32159
28240
29394
31421
5910
2159
31013
20722
9006
22849
17312
26093
1341
21844
22763
14530
18137
2933
18923
7895
3994
19819
1950
21054
18976
20709
20551
14914
6744
23728
30668
8768
2300
22061
3932
21177
2137
17155
12372
16548
13909
4881
28260
18185
32688
18087
13550
7883
2186
17653
5038
2246
32294
30403
16032
24089
13805
31075
17694
31429
15798
32228
17481
13944
16708
10377
6315
24483
26896
1145
21275
27858
5705
24504
29920
22589
8218
9046
14105
22938
30251
31719
24924
29238
19562
26163
29597
32580
13323
29742
10065
18037
17869
24106
3028
12489
16768
13387
16904
10148
18116
17467
6976
18468
2835
1824
8028
24754
12546
11211
15925
27863
9411
4402
12347
849
8687
17697
19036
27239
18050
23340
18728
18041
22312
12264
22323
5851
6327
27739
21179
29924
25340
23984
5771
18753
20666
29999
18975
27535
12528
1133
32009
24618
7515
2496
4500
10303
23100
8438
15014
22569
25435
27719
4331
26618
19020
2439
815
29271
18929
26529
9740
21898
13120
4160
9926
27346
5958
14799
25971
18429
21100
13732
31327
16185
23802
3704
10926
4392
1241
27419
4163
1330
29853
2405
30945
23583
11203
25968
16528
20709
19510
24836
11075
7102
24856
32595
439
11134
704
2279
30110
2340
31743
11224
4349
6575
21672
27714
13523
12851
25935
30966
27387
12843
22608
14448
3923
6161
15380
8714
5150
17452
2703
14191
26023
23978
18957
12881
12584
3566
11055
14943
4841
1579
18480
14193
28588
818
26989
5126
32073
17288
29477
1009
16022
9148
24701
9039
30345
21751
28615
444
22177
25045
25603
28103
27777
30067
32678
5283
4831
6346
7323
18975
27036
23099
1416
3287
6452
4970
29778
6828
25945
16720
23011
10611
21211
8844
21291
6122
25803
4090
28516
10992
13536
17287
11163
10997
27417
324
18284
30127
22692
22201
22285
22542
14847
25723
13966
17523
25693
26113
16990
14621
25163
27571
30994
27363
17299
31556
27234
2089
9313
2626
6004
10253
12196
1771
10334
14817
8375
25411
6886
2270
2113
22115
20107
10262
22618
18452
4554
23211
31727
6812
5274
19519
32103
18136
25657
11691
134
32395
21546
2548
5010
18678
30847
26491
7093
19881
5460
2419
24739
16792
10140
26008
31612
10865
27424
8734
11508
27693
452
12264
24241
21734
8204
21755
21493
6888
25312
15154
19836
266
12940
22323
9384
5439
22283
15265
8667
15720
8581
11412
4644
1644
20246
1862
24607
27019
2257
21007
13334
31727
9477
2195
24428
15492
3518
30778
5948
29706
28815
16608
16957
23401
7055
19918
24041
31812
11170
23273
16094
32720
28666
23082
12420
24551
9949
19790
14320
11864
30632
26575
32264
26242
19988
3346
9448
32033
31416
32482
3205
8807
15567
20509
19088
27215
6460
28589
22942
20270
8907
24506
17285
17034
6074
27934
19209
16432
30840
31514
22712
6017
31660
14151
12050
24333
889
18895
10733
18019
30720
21980
3352
14886
11047
24145
9791
3684
10649
25273
17934
8996
7439
18556
21657
14142
9165
25689
1276
23920
16751
14352
27710
18349
19685
14431
32636
23736
32701
