899306964
939104735
1717603743
1868775048
271667951
815583383
916731139
934194125
109521115
1419003583
1065410466
1505157884
1100255063
30996801
335907233
672353007
2140617187
324288332
1330519647
899567764
927212584
496501182
1579688513
1990421824
213864661
1270126726
940659397
1122382308
1614548585
77344869
248921074
366371902
1016449604
1966524818
87663302
1288117555
634624553
1004394441
74828033
744145668
275914376
1140238499
101819904
1376169439
1171235300
437727137
2048522446
1164368840
762015470
1231558446
2063936604
1689228054
1728059628
1496141469
1532166230
1941924289
618784548
325341979
916822949
85849485
402686848
1165744023
452221387
1419136452
984785193
539884689
559770359
1619409746
1544279130
634598392
216071766
1820193506
1774836892
317891670
1048879298
798588544
755618808
949918096
1962957384
1517634278
33992894
1879410340
1059378684
1762052522
1228068162
444061266
1556493163
1846852710
769403245
325832464
1932702195
1172090093
1491576488
237439935
443742897
328878033
777324624
1003513256
1948287780
174120107
1638111649
16875898
1994313613
1265464893
334767569
895709263
2064053437
1090386377
1845627360
1879527174
460537007
1879620254
1611453866
1519915691
1494189129
692038380
1963976957
903198644
391407442
585896554
1229031109
176625990
1757986647
573123949
414065925
54245896
902001982
1191390549
1057759152
702806114
1365510656
548387153
719682013
1212340622
1813852046
1054449582
2108049885
1730421836
2144835959
1806193597
1462465362
457889318
1538330204
926435580
1977805009
885035685
1618473961
1794298318
1788234329
2009881403
232711224
869781790
39023745
1990697871
1442905739
453089670
2044943767
197424074
1644480220
955219271
900230188
862507228
1503606425
1619912201
2074847850
1169974823
526878135
2035414088
752913011
524230446
1694124037
67894725
982119764
1084970593
994330306
812441125
1970006278
465320619
459255795
1610756960
327718374
691967019
333055102
366742120
535181242
1775960842
819831790
432641361
1973384916
316828362
1387860633
726131456
1179335591
743983410
198560010
1106699793
1913958233
725438145
994630233
519387597
1249668592
541270623
587282322
84304708
1626241216
1581612628
896745834
1448763847
2046933247
1356001629
912037159
227167974
2047968649
1245092261
593910094
435666243
873569455
1413741884
868307605
699470723
1730570247
108684590
1425602180
762422190
852668000
1624162190
1869121983
619142585
202116687
716268569
1138530182
1451785279
1257539192
1725812505
1536089988
736296760
1159941485
285352174
37576959
1059391085
1641353803
949614118
1286559059
1541838804
47222732
1880469153
1977505048
920792187
1146727389
698329005
1620262911
729813988
807013595
898381443
1492236178
1659681595
375059985
1213874514
131340532
577176672
1930143083
1269870715
2028961952
1040198627
848199572
1417568292
1776495387
2008141057
1702920466
1814072347
920048494
1196790621
616202817
59123905
591145778
663425549
1939593058
421167178
1584217737
938836800
1119496183
1056997000
1668650788
1926509778
1955378443
1013403319
1438707725
182954780
79794185
1570048257
760131452
2009937268
692435324
641609756
902652247
1540634896
2059178048
531663986
1401292306
1614614866
198252685
173857152
663921840
814455503
232981058
1255067618
1477881052
25090468
1676234796
914615141
963927268
648247331
1971612141
485094409
427273461
1779506936
1498497728
1865981186
1962461716
1578291913
1288545795
575109521
1440745533
1980981120
1216719277
195914132
1374132368
1128413678
727578118
627941026
595544896
925830804
801798179
1259466736
1740286307
1034779237
367050706
1070683711
1059869705
2043285502
1985298853
2023796974
544049185
1809427346
361407735
971322646
1441450635
1859905463
689820184
1256428703
1290713728
1978365980
1831538224
583975613
1811863452
900773854
779889745
1038512172
2029187532
1507467863
1666453199
477248780
285815019
320767730
1736715517
2026101326
1355546967
2103766223
949301390
267933024
1999568078
787116595
144246350
396133615
449060293
505654085
1367456262
1890510928
218075900
2057276446
999455984
1508789628
1888158778
683510560
2092765241
1552538582
1584284414
725171338
443567107
1465988298
85155554
2110020306
1943237079
370970573
283304388
1532468948
249588252
1638851355
1488751523
1198889642
1906784379
1340835953
1986006237
2051030730
1736969569
287582882
409201167
956942183
30610163
627277068
866734981
1030066147
2136066696
607410112
1713576707
2081348290
12465046
1150377474
659035980
456032153
468882124
744191534
418568811
264635555
1115162108
701873199
1797104503
1364750360
193240906
1138372379
416156354
2100025286
331724684
254678943
2003572368
2068694253
542261825
265289887
878152788
572871988
892566955
1744887770
1602938135
881150004
204814234
1169031195
815014646
217279280
171925021
1474050626
673311434
640807145
70758513
1091880245
905442701
1185920621
1793753445
555063556
403187333
1986994351
1693435935
819343687
1939535989
2025160620
1074022630
1795624709
1946371225
1616284455
2060914597
677040366
41672796
805997904
274444488
1644610931
1687147908
479258722
666158478
354678906
696538002
838083499
1828729533
1369849436
1478890645
1899488046
314246034
236849698
937925019
2107999479
791913254
1341112352
1947510182
337865542
12972391
1739562524
215542514
1086995021
1387703585
14430091
555795828
1301134534
691470457
597468624
2107132439
965914945
94595908
1646796699
1445173667
760754386
2001475606
2141711670
1598837886
1682721491
1364077458
930244883
1434725889
1678323492
1167094581
225167260
1638839323
1959007835
1566279612
1438865858
149389729
1579252003
1030944734
364932243
518763376
271164671
379362335
1074559204
1572299206
1070832792
1672027829
1531947997
2036747738
1766623737
1031261048
1334437757
379894475
885253006
1328665779
1978732361
420490849
545259590
761493596
1855216738
76099434
1928588177
2080383998
1714938758
1740112365
1499179962
1006320968
1889502094
930948317
2037265702
106950690
1449711693
160946725
486313025
376787250
1733245931
1557145817
2048815079
1117710280
1446409907
1667955168
1487681
633364017
2047849643
886740687
1962029796
1879098357
1307231537
359805738
493108305
1014964627
435905173
274212835
947864978
3360283
2014325200
299561292
1009681251
1756343646
1230509610
899463305
1863294336
532737655
1060410030
202123713
909524905
646172314
1759269531
810856336
1763882594
1058195790
331327856
1765370275
1691559807
231693852
504627315
1506105956
2110792209
1811858852
1865911694
456416866
679339831
154333219
730629701
1627204809
157693502
597471253
1926766102
1167374753
206331252
1009792064
2066838058
2069625588
1542529719
979764441
124265654
304570977
1625936755
1883535185
1115427313
1242335701
794247327
1446755170
860222329
338323487
1678449022
1364849644
1844429443
1641757583
1029224848
1562857489
2098174449
1708564679
1717190709
681320503
1188285841
1874884211
1278791756
967568295
894775317
1485123008
1977360359
814129727
1407264949
1372406430
1793894168
1531530603
1676977407
1272347275
1267582140
644921073
367199329
2061829467
2091676243
1227421658
252669306
1622641617
444787654
2097098749
1116915552
1474012502
1512472591
1067606353
1035093533
1082179652
1748926856
75895726
809580215
880234965
1043464021
1704355532
217874325
873340732
371001612
1625139274
98263515
17412132
1009186229
1775240922
1289759408
129284721
272678347
1656958737
43630541
216870942
736896747
296299847
1839512559
1181684401
245914949
808944463
508213255
1758387540
1876550817
1543306788
693083544
1477994025
1619202515
1502663759
210745342
515182888
1059535644
428619668
1388523621
1430537256
2053758942
1486787136
1447949388
915461524
1114544410
590225148
1044746245
1387222758
99700237
1088376786
1604093700
836596984
1384676634
1296122612
2018281385
1630591583
2105067075
379010992
1241495475
1834134244
1922317781
1934579019
1164644622
1394036648
1289759130
1375389964
1909219536
201811126
1804009632
1150259509
1632348382
1710284927
489562997
932814123
478262803
1604107408
1523039271
1523009048
843846518
1622739509
463902187
300456570
311852845
1848578821
1596579182
182650583
1331686756
1554162610
561661575
425698583
1240813206
336495708
212793954
257974180
1730532356
1502553084
1633364145
1492268245
1704364211
1289890129
495044106
1189228945
852691408
984607104
2122043068
1330954211
441230864
1497598692
706479612
1285077382
972854553
1170381799
1585533952
1284707398
871476972
1034629487
1467357981
55680080
441308449
2029019557
481378663
1682121655
218031617
694172617
1940095836
1948563974
49242053
1425976333
1293348571
1753606264
568382814
1788392677
795351562
1421074223
625516133
769910982
604544786
1066746997
120026026
1311024398
204340731
1092880579
333922549
1789874684
230104330
1205399521
677020523
1697462311
1261079601
1118328972
1578998220
1742458264
652966979
1797029838
289147233
445579167
1598110164
338389287
1871555500
743975087
2091995551
292454667
384884116
739863465
1713528890
1010400250
1509774448
170590028
2077147247
1629800474
1481614427
134004331
575197406
1815536976
1923879015
805301736
873452850
453415890
355280399
2134532451
1571744862
1934278620
1729507068
77228193
1583824810
2018654301
522807361
1034451326
209559940
246879213
1778426413
154071844
539333880
15826881
893935309
105379122
1026227131
256226109
275969151
955890731
1886026584
1757583578
1089895062
313740342
1425636906
866290429
1119042078
151606108
1319706319
1474322477
138654912
743967533
1261117449
1868161980
821195726
697458611
1739332633
1344003087
1731909937
1948892574
1590882301
1362852702
2102964418
2130216181
1378679584
849416079
88111656
257423067
1105642189
364080807
1213313798
844185125
2121664385
155725212
1157925467
1399817643
1022015641
129483897
1551423752
194238312
1603806374
1690078664
938205845
717440176
1410756996
1759401572
1414898787
1002605981
955921011
999325077
804014907
399319664
214694131
759495677
382052198
1593373715
1608911757
470163854
1850796783
567070298
834244661
916626933
1411255423
808425398
1072352146
421697242
60759393
2094367787
551181139
1612183145
141122452
7503865
1154778161
1079328297
724944041
418051509
691246221
2139842829
1420657491
1647167233
991684258
77188750
2046486897
1206378389
836684428
281055447
652268457
298112537
751219301
355581592
865182835
1585463962
1272208525
128954610
246405712
197077023
550651852
307165106
143961163
1101832991
1919348251
285083615
1109336856
926642765
1364411912
1834280898
1344694274
2055658134
1826640079
617868117
1555341719
670840689
695056868
1454344968
1877219078
1531741296
1735400416
382003887
1829853833
339136069
737585479
547553020
1924600032
2009794005
676507630
23522096
59387380
1227159482
330687202