1006476060
1074671729
1825467790
1307968000
670999417
1937574193
1995718350
264313718
104572715
295084114
696345225
606405530
621218538
174212849
648819348
1159108199
486418911
1906163811
301565073
1083111252
260715063
541998061
1253109178
1583640265
993256042
993389752
325357826
1068190527
182907211
804540618
1114810567
1189383271
1879212347
792794709
349867624
402728117
582885254
198102326
667041835
687457970
493186440
1363387061
1293863500
1114404978
1537599910
1942682849
126029530
2024018821
1701363012
427594603
959646425
1962078075
969592665
65271955
1398234692
1962848707
1058661707
1723592519
883555587
1241568918
380649489
1998366154
283468542
112378188
643677215
633336166
515106305
1226562469
831438492
1182148141
1914020439
1324624932
398051554
1060400292
291546262
1935651464
855599493
417575792
1812186637
409478857
845170396
624349414
224073284
1814763061
689621369
1622307976
1630128120
1748283076
1198416847
366200059
842368346
1579066336
217082565
1125836888
1691444525
860759780
1759173054
59067182
2087322250
443127898
1241215323
1853859041
1767752830
1639266877
766775685
2059299093
1427434693
1622375178
329391237
1092137682
2031854035
1174561633
1716487096
108443671
841841046
258624817
1730751648
324485519
2006907893
781684847
690685578
701792592
213267536
907768144
1827629480
1904712061
1768527924
1439318887
1963779243
1708366526
1882446785
1057510919
1414741920
1502715968
549294148
34033957
1414531413
1976728842
1656409136
1743922650
921382876
1540779523
771000636
490386325
1649223195
1612841682
749011142
1232491195
1937327201
608435388
2014176042
480529132
1310227980
79959930
1388297276
990373812
1984671991
1009341552
282209051
1800967587
570224431
17172189
710994858
1984966351
1519888157
1260289006
2019000308
786935922
1089534200
1527925796
383374924
2010917077
921221672
1154375560
353819754
422961219
619733595
1102830896
1655452414
409577148
1711266284
1522144808
890106280
874010616
1602104739
130919908
1864384429
1439293082
1140261461
2146593480
1092777021
1710485892
16282021
1803771879
1547968595
1536170178
916577238
1419485255
175622452
2006111438
799927404
558997377
1869544867
1721149076
1713372937
75880973
2144110295
185622884
1178711870
1652079061
595200033
742494506
1026740221
1485306313
1616505123
481361312
1616226222
1333405904
1920654395
609004035
1332515736
865947768
172006279
1348797758
522236000
1719974874
737484288
1438813238
991976481
913106741
1297441028
1791903885
1472104118
1019502248
1365569313
1037993407
1095383221
1362195960
1223616292
126611443
866791373
1818816325
869105950
1893531595
1156638990
338127425
227409259
625381564
1671533329
580006
1234385599
856565417
866527775
1406391878
57879527
1388763775
978883104
795363816
680093365
1970859586
1708470557
1977534393
1615279823
1033091027
849552993
833365489
2071084434
1944936215
48077801
1147217078
2071547658
914869175
818549755
793169960
660917122
1975188746
1131297385
888326381
453086662
655347066
888906388
1687472262
1511912484
1755434163
946380492
1569792011
996714290
1925263597
217672179
1676807655
1748639535
1926142736
1506858400
1216435710
811750115
208927746
2049801199
735350902
6380313
2097879001
1882567980
2077927971
865264528
553634088
723614284
1526181650
381339186
1854911669
267024383
834425848
362775088
1155930771
374414462
1874687572
763881286
1320794955
1296995935
1760595576
1098574904
1514668115
1289919583
699730791
1293327203
649294336
1916166501
2105077319
858222082
1818484053
692944573
864602395
1768879406
428028905
795046718
486660286
981662993
1518661002
2012841936
1363002179
1226089024
132382671
49944380
1588864112
1288313443
424358842
1316068036
2052194729
1745153797
465580323
1665306658
696245053
1980248438
807742593
1395975844
1126091994
1457036929
1164658698
1083685665
167775363
835659103
1776630238
1032377758
457054861
57175495
1827424477
943715147
1038838489
1198601831
809073435
254357020
277207207
941456106
304301400
1866071319
82285901
728660243
1034655707
2134480631
326330392
1500236031
1652303641
1022575446
1333000821
312562586
271067642
311609167
1769599516
1435726340
1395294832
1937374879
123901795
1024441422
822268990
580956656
1081616918
502209819
1524671803
2120455407
1700811650
186261590
227328779
1978018858
1127717697
531630180
1696606529
1210003598
1260290423
583778589
1197000581
1586620815
2084014620
701820574
461712613
1269531793
1014383161
732780256
1581140961
636499029
21022948
828952145
426390260
144924744
1853393568
1248659250
725881400
787526838
1750869069
103069556
760498597
1304197072
289331146
987827376
1134732282
1417048843
1519457556
683855163
479568794
632264331
1267633752
1676569375
71401499
1204164724
230906302
533114112
326212870
1245289463
1265894368
1907353831
1881788492
1286917317
588822328
160695104
1431842061
294732248
1409354355
10239813
1082259086
1012739776
113309369
1842757683
169453200
402640516
683101412
1304185482
1819689359
55075320
1988040646
151774505
687339652
1108190750
1828343881
758741151
164871827
2059250183
1291855263
491084697
1157055998
410265984
250954880
891360842
1697183301
839777208
1052055946
981541714
1134509457
313926653
991781527
69284895
1326666430
1105090897
1912042579
1496119630
1507731413
447660343
652821465
1179937124
502735663
493378463
1331711630
1190075315
1601569213
1012571863
1948816466
1766441040
924338398
1093188082
110042089
2081394396
1503454066
360996969
825271590
1053153719
1200774178
1877327536
2034695433
187799987
43770542
878993312
257084882
1370436972
1984084209
21643813
719072954
1344331974
469304156
1371894419
376785451
972039820
1865272882
1708497081
14631487
1319358448
573585296
1963447954
938315840
1497923694
909152388
1048357930
1431834442
265122806
1409354899
109622384
1318276525
462645429
1986949920
1205488310
650445416
2030720462
2084481622
907530299
1253673786
1921082184
929174112
1972746741
1117930510
1398478269
1197157512
1494715961
223034441
914946747
1055729394
237665928
86821547
1629314690
53630234
1025137387
979754736
962782622
2073495317
264105530
1227905428
1335366569
373727914
398698305
1798011998
213194187
1604186615
300973767
96431001
1541184590
1208504066
1350104788
1314783126
2137678178
1175367881
285229988
1388672799
225041745
1779945950
1611707240
1139988492
688191696
1849373169
1226810039
170022739
1903003403
104463779
1149777475
718302378
30475448
1413883006
1946207806
1365842017
1787610920
197422464
1016370368
2000805107
1801609079
1317344135
2097236109
1195310021
378364553
1299857249
362609499
368559083
327741482
647839488
1757231883
552783227
280301790
1221455475
1692771720
968493486
923344996
772098111
1138516225
678864752
876561890
140810053
1397167130
907037339
1554693059
1195891288
125395708
1194820331
1393313752
1141766076
1048141791
1047439184
311626563
997894252
95265557
689991116
150267853
457875057
1058550200
478009335
1105714545
668298435
1030792562
1386016335
1889753910
576080634
207026173
665615259
1348178746
1345542399
1344480011
77256988
1486352452
594163493
984294327
893561863
1790054781
1109690036
2088382194
1035884886
103972464
989040337
2083324070
415599028
1986934589
31105979
1105590144
2137202442
488981036
16656696
467728129
1594695581
684955131
1498520692
833228268
427225394
2074601326
1040254442
1092840653
1275296424
238313193
289837016
1352553413
1724665645
884000509
189364092
470743860
526571642
1299054128
411642406
1562456528
1403026593
1400682744
1498296950
1818625621
1240133685
1529402930
776732117
1229852480
2018383966
793388814
1697580609
1465595900
1478343945
1048617653
151340520
1905569339
975735332
1191594962
850926344
103548108
1429908155
1140763360
1456101521
1007090152
2024763869
1645465614
1477834012
403851864
797036094
1889476419
1966308392
52579039
1142675515
1317121695
1871204660
235325552
699040977
500453130
1465178032
569941295
1293841944
1015274994
2035537195
624702241
2063892647
39394068
382787933
892144331
1230989030
1233714277
995692440
513413538
226993990
304310313
1520503690
104274211
1949775927
850854055
508126075
599328374
592846826
326950820
651907413
1735522341
1644072515
375628426
1970847893
195629844
876081556
1288542278
765571139
22439852
156333624
653624687
647142093
72742623
693018755
1029930026
964886955
1924007785
116160656
1960579395
289937675
343154646
117406060
1810441366
447428857
2067181988
513811773
955554933
519026714
1106658599
1282505753
1170934127
694697292
779094620
1546562553
518061537
974724464
275160461
1806603815
1740295603
297600313
1962937439
246436642
944742407
2035680063
939455397
1974672433
853083370
715979535
2090833089
666179117
1005917210
286504087
783585177
668874928
733932945
703283517
1182686701
1689487878
1222310231
141861652
824509983
245760711
836558944
1603604603
1792323264
1354620482
430845419
2067483726
1013740649
23657374
217600391
829194441
270094017
1162342798
717390856
1209549414
989531584
1570474226
1925528949
932881025
89169695
783962512
1219385113
872754872
1452837440
1953318058
1576038390
488040494
1495322288
650864973
629902146
172348623
896625684
1466461091
1775953226
541465301
673597925
59314997
461465379
1687338574
82972371
679065770
369049367
353066388
1841408569
1086440223
1562615803
683456505
509430801
1340661104
1616337530
598600496
2124623616
688238995
1471355369
1429977409
494073405
899910111
1918017903
1989395693
1550775084
400436401
14260668
299917121
1866897492
1790213894
841382422
393011769
1849528891
1302847801
2080350344
1932501263
1981913571
301916063
138084003
1675838492
1388356287
1700699806
211811349
1897787088
893877263
1828148880
348903937
871017231
368904227
1820259306
153510992
862977633
572685769
2071528895
704889678
2123460853
324481649
719150347
275894326
43895493
361880593
1117276748
436907263
63925837
272640901
369773959
1996427100
107070825
671690022
2134511103
1782909317
2060046309
1687727262
1994720667
1810349750
434120877
1675385899
11770039
1305138108
2044290126
1832029345
1458649101
759784111
257231466
1382694348
1464673790
233208671
1707175997
36340489
509102998
1751071491
398221082
1626379746
40495106
462146919
1899020648
410269065
311090371
2006091473
1081959087
298117827
1641517142
994521749
1985845089
1488754161
657387851
272482318
1016656412
669157890
1577620426
913462891
353703587
888785879
1673247002
610935053
123996580
990437144
844143724
1831172577
1026777633
1353246722
1434760420
1424998716
832142821
1475255526
1887145635
583679821
1885524591
50752359
442287646
820000031
348870186
2083804788
1814521780
187231627
1425075302
324425983
459713945
294248066
993583873
2037334371
1207710957
1347287460
778636603