216100487
421653612
1994479439
100851430
1805470030
1365089591
85166711
565532089
225284539
2057772824
534435902
2120656047
164591540
1432519214
1867888836
1847099039
587189005
1662700726
1270031168
448610702
1167352193
675541389
986958412
579642833
1333857758
1344039037
1020567571
1993332622
1807484086
786533102
1256935580
2023584573
1208186715
1103931371
2124436004
866173097
321537314
62119067
1431705186
546821853
2119891891
1966141089
519994253
136999784
1251176655
240399441
1984098823
1838365660
1903100167
1106646344
139492714
922968712
1782187733
1126451127
1502611545
968561843
323006516
375695468
814410818
2130490602
1162228571
2071346398
2006591527
222931638
1027794121
1983543883
1089104735
1349331436
2045662950
373326274
1896153289
2018071194
191983715
268663894
7587330
1443160370
509063335
1991686153
1134042382
264679854
950848849
1273535097
1187648566
585552934
252502576
542776463
1554114778
575509092
918471932
221041948
558516046
2080700503
144904698
417623925
156148493
1172698819
253684161
1245253228
374546607
151863463
1618579502
123216249
22451009
1810563217
391880143
30038339
1106239939
900943479
2021724493
92798674
1165623333
825089694
1366333771
205788252
1410642629
1618836347
748564715
817273759
46861791
1667036647
1038315707
605377837
1600253502
1183220405
1023001762
1756401995
208435576
1276685923
854171576
582982184
1428549387
325267430
706198433
1451000396
2135830648
1098078576
1481038736
1094586939
1999022055
1355279581
1187385613
1017161741
32885627
406235736
1222949993
1443528256
2025072083
1971514708
113318367
2071933874
1491067708
1151634074
529828063
943837562
187370831
1552829826
552755910
395806408
682032101
1406927486
978788592
2110581488
1732194916
1684987025
1414098237
1720541916
635581953
747653325
667645208
487120361
2102932906
1855030821
1504282102
2135818533
113782910
579748447
1431863142
2138854993
403779507
1545181509
2063305220
1894847215
549331936
445649635
691201130
736702767
1998479461
1243957040
1132509175
533027915
503400878
2111297767
496125755
88112146
1648801144
1910223992
1808654063
136899450
510393669
328815623
624019811
465842927
36362796
2128301913
454177813
150145706
560566712
1886040955
141517052
964346219
1283738816
57338624
711709787
1833070752
502988259
1402910917
422289872
353984073
499384309
1554799047
887011988
1002785187
1518613167
1383137743
1090897333
1019930663
1145878088
752067748
1156830113
1656271757
1080883371
1780849924
2122114685
1117246168
1761668189
428808850
1267391874
174751253
167366157
1408908926
1139097473
1451104973
1466247550
1850807260
1136692078
1969235810
1106234529
1558981950
175736235
1605618838
966297349
1062748223
460920377
337426868
298402318
1551817710
1357357532
1444280406
156401811
366703997
953068516
1237285182
70274
927699553
207047702
1761738463
1356508403
1474439577
1936489717
1523874560
735864855
928103542
827495885
54628758
631427154
1964187963
2023864568
1737661683
1375686265
52117155
1195796873
194499967
1114865378
1656717250
531926835
1413267696
1061051312
1889284367
710064455
1217453123
108504717
1663132971
307254658
108574991
443348876
514302360
1870313454
1799857279
1988741937
1659319523
1176248191
577123145
439939417
2003744076
631751903
1071366571
1820448392
508132823
661544606
1048651009
560249978
1857341479
1243150976
1675115356
1366575081
1775077812
940899404
280142746
1516878531
1650963859
1497595869
1625383248
1166613182
1804850527
1733958239
1609962058
171669240
1456788046
1262335689
12927529
968623921
291100232
590050674
1408563339
147360661
1221802577
332446262
1967809053
1729935400
993990869
868976414
142701730
703848700
2112127391
1817817086
2070423782
1739721555
611232843
203082880
1109116438
114713054
1700678749
587016039
1281326237
1358045629
173490630
743804647
1529714869
1630278676
2006140337
1542642398
451418950
149756921
2132693073
1859982289
297117582
1207012002
44944903
117442987
789463755
1038935772
986419402
932165485
1742784473
951063145
602498924
1665724607
543301052
1213731767
1868807487
1652417490
1328444821
1422002588
91949881
462287410
632564569
265440512
1206092058
14795790
1895719188
1064748747
1557438189
199654490
1214505668
1542647614
2059636779
1511623251
602175968
2104581683
1629066238
1391639723
996033807
468001992
176321561
591334632
1419065137
778820485
109575591
1962366189
1992552252
1978383078
1467300032
1173513425
1252902019
1559249913
1635800836
1885466588
1824690425
694409246
1900262379
1572925966
1759157993
1310216920
1772580456
826180013
705380886
1684733588
190319616
1307556854
1641831623
1819385855
551712930
490381782
139904199
728034491
1081716415
1558969337
1506854976
1191292006
1373851878
1351923580
1022191437
693668262
377953357
127609808
105434528
2013754193
2013076396
1930124953
560679791
1765855127
1355567271
172354136
928588399
980664080
998534150
1633969285
517914020
1188853766
794042492
12261995
860755973
1345755422
502643777
1000660173
2073789913
1584360192
412145862
1433161241
628168551
1785997740
637601173
1650359988
332182355
1015554530
1777969796
437616883
881825076
1643562544
220258188
1442504867
1261934024
1575825460
1614859004
43038775
409005892
465909506
1677008061
926919912
1654763272
323566905
939181907
368035598
1669322327
1441825684
1368695771
1595628592
878702229
1780841633
881306185
1506870780
1419355725
1518907358
1009747120
1751538080
386978240
640233268
41671315
1268803316
136312164
261929504
563824536
1398246188
1837754964
31199892
1441284964
99277208
497109398
970809377
1026197120
4389022
1294376282
1965379027
372424620
816214961
1259721063
1741120391
264359905
2138423292
1374478376
1145666090
1497810424
646350454
517089800
360073896
250404886
904068040
1000307164
292076202
25387709
1136619329
554005706
589212245
387381869
244277022
620412137
1828666833
343554230
1117521535
651992562
1369751350
1121910557
1946368844
1187646729
1494335178
615100157
299884144
1087971921
879460062
290823789
314966650
2025126152
1788634213
961317104
394732304
1224462
1211721990
1298800345
1001531626
1503798192
1324188054
2138150955
2057803898
1913400299
378049177
154597272
386328788
59232362
498151502
1503850323
711224925
1867902852
478277232
510110121
908065933
1972612410
1125210279
1207950078
913100684
2004670341
1498773867
1228067334
1882312846
1139924432
41900790
129561502
1141148894
1253622780
1428361847
2142680521
609937325
605066253
2133347828
520257575
370982904
363913357
674854848
757311692
423145720
1173006350
113678367
1134370645
893425555
591955600
1644480766
1801491488
417084362
622207397
861957918
1330185046
479394091
213248137
410768732
214223289
1353172570
452669522
343784791
346837816
1706292303
1772146639
342034689
168745980
229729244
327898870
689003555
600712149
691812227
1363858403
1358023841
1114957947
389381106
1471702209
101844944
1282806661
2063657809
1746325711
936814501
333258523
221049460
1798772420
1663443570
700443551
2012020557
2074212302
914666840
1217709479
379398177
1258451632
1564547296
2085690480
883114623
1906581985
106952812
1112843867
86997207
795956367
1713556016
778809435
12331123
924096210
1893767382
401712229
248314771
1995612327
1684518890
164488932
1594454390
473849743
497747455
1815503850
125138515
13707377
368463754
2137159073
2087919680
1283130594
1207384904
319834209
394098578
624448552
258041041
1277213201
383546890
364993853
242573421
470544097
1160950220
1956129437
1249353532
1173281343
732741999
995637267
1574993572
981056770
843765946
1112028814
1145545702
290736688
1585878558
1643293158
2106240538
1711017073
1657000535
327220644
1700692498
1597436567
1610351239
760593755
1917270776
2004449817
1385042307
27828169
1134179371
1768589197
392822022
1376752792
91649647
1553772243
1185398581
1341003179
579569938
1918140581
189156798
7079863
751713703
1032922744
1119108677
1897259406
1323659432
557503587
1393068916
1282416323
121037013
902585803
1609636967
1821729511
352538723
1072504558
434839618
122325851
929470728
1819881926
150154021
2063650099
1440987475
542976043
1292919243
1532637122
2096748286
330834176
726156654
528834577
101491109
915313452
535914440
853204813
1948236197
1655023117
602980571
1124411981
65043057
1996049487
259344656
186080070
751151642
1868981624
2007809581
1103690365
794002534
295165552
1226016217
1723473262
2115047478
1376170238
1639639713
1408551305
1919146281
785075308
793704780
1868410920
1115909485
1519861434
249761849
1217400594
287691238
785676289
2070605407
88443787
293215758
526102330
1212855769
358258815
374668169
1472200425
544338885
1125819812
1193698401
404664819
82026529
1987700936
699830371
1308042746
1563690550
667394201
536729336
1055846616
2075945506
308391970
1840921924
722166638
29319242
809347761
94544424
279081091
2026748356
382235663
1064757380
1949870115
470679450
1357973138
328488798
1683535219
1716231954
703156967
1008251997
113087191
1828976779
54466750
517752010
1911003309
2042167686
1217582381
1071562407
1458374589
1884976582
1608291744
366737557
1813438441
1916683714
60175833
388121431
1946002956
869523595
482665856
77600399
748788303
864901519
1142357779
551174770
1335580969
352847269
879663568
871632541
2069079223
1582820536
1879884538
34682767
1264313667
1934351288
552434777
1027833328
1829035327
1770017159
2099395736
1139926268
1507510093
1560203832
1506663825
1173464886
1329403898
1566839658
1561586318
1127923206
288879605
2044252174
1205523605
1037667908
761670045
200397736
1588842679
2097251014
553245005
321022599
821399907
474840581
1903843135
553800797
509523348
1020673155
340668438
1061958125
2048506483
22220117
684491636
2000418571
1162146385
44518082
1413138755
521326562
1217982968
595059005
2088166220
632085638
1722982211
229562178
528854164
781022168
1267230086
1290524209
981419904
708589117
1240291576
1534664910
1029611717
2061691483
2009505491
785971204
468008633
371545191
1806644359
808677071
1433503316
1707667195
830897188
2117994953
1560602118
1993043573
15029387
826257226
366886487
1233012355
1421316231
307569059
1865097994
996814795
537131237
246468510
1777836963
1804361324
1536992720
611773220
365466793
629800648
2146438130
1395078510
544008483
2008459973
33566067
1012017116
232521516
1840210426
1820694187
1666024832
1400393973
504107727
1636536137
813512444
349667652
1651565524
1639769670
716554139
737094232
913602253
1024123199
454708578
1910417048
1561254436
701177088
1540770364
1218132112
90686160
5059936
1583598906
720486808
4014418
831193768
1264495292
2012474391
864759835
129028760
97512259
557486614
1949722948
1763537091
1957880587
306347027
1252589581
623909383
656014680
756671457
116195405
1372568819
1493765689
1029797659
249208370
1948474267
792731059
1810462807
502167708
186017775
881111271
592853868
191077711
317226529
1313340677
195092129
1148420298
430352321
60082872
2013180133
559381081
157595131
423183099
361620381
1921132223
233580039
667967409
1026238156
857489422
1323982089
1782909613
973684828
549067260
1129191655
2003482487
798275631
930182274
648729898
461254790
1432349982
834747674
1342366061
2025203851
1025825385
1659592591
1191060880
1220917515
660529241
1621413201
1281000387
526225726
33310634
1438595519
949408826
394931016
1212244094
1182988865
1062898425
90998602
2040478287
239396866
1873908215
866679467
788464126
855616222
722678306
1586739757
1785798497
1371408205
2047994547
1070664831
58672231
1242876961
948385034
1084497616
754985904
2139445914
157931483
1415515145
1613375467
1438931871
1941740871
1646686102
730043742
743666049
2041617118
1942287836
1926654914
957031895
2033286438
1819649554
1196428761
1759711005
538845373
1984892887
467843580
1261523680
1424148997
106158429
485448237
1324659896
1176823260
544120468
420053209
2125208295
1628618084
1175039113
2117170561
1786549568
443070610
1583062381
1077997791
237327834
1082264835
1808041533
980993883
976398305
1602845721
760165150
1933430200
1488648511
432331056
982375313
1100875868
971176429
819784552
1568719448
85216461
96449901
1674877877
570664698
1421109798
704217490
1114785166
1841163007
681942137
595919603
868718473
651629050
234985523
1311789083
87207783
1312983314
1549116917
1169472618
973541199
382627153
2145870923
428903272
1142792303
1931817475
1917551783
1575123359
766709140
870944003
398816140
1586493693
292179804
484032602
1682943594
1967057681
1054697300
956569744
523791523
21998819
650249104
1205733660
617918422
1518967577
1857362711
852903945
683273012
1944570494
18403611
84906282
966559465
991944810
467533435
964946740
1420848082
1610325738
749280568
1190916217
1037965449
1515989708
2061860220
1436781589
954999753
206556376
1920814191
490459700
26130410
828027844
1447029444
549921933
850026663
2097278548
1755655594
1467945085
1468762477
1465534657
173365382
4551842
1262621503
191768993
89458124
81697320
1183713803
556991559
1046644061
457078237
19833649
1795924629
1647994454
1057799098
1164430689
1562371026
347097039
2119430443
1768927403
120427583
462406495
1795057813
948455427
1909435939
197496098
1798482090
1859230840
1953151692
1118943527
1180509669
1271202701
1292308909
1185061511
386340557
1484077902
1274519635
468037877
520308057
1831511194
1514681938
977386294
1851344843
1163122919
477897100
761660293
180069961
2040268126
1108757333
152016756
1661711881
1229184916
614423251
1309286046
30156695
376375542
1506782145
1828638785
88122734
1312450189
800098664
1268632404
436169243
2092407573
306210267
822509800
1429001827
1580729903
1290547677
1949309884
1264757449
657745968
779212530
968618645
1820868887
1257109630
1730278938
2000938848
1149894108
691552623
5471956
664122342
1920737539
619895207
1973408388
1950894234
996270750
1332706885
1632049371
1084393484
497673427
284664387
205542240
933842670
229588312
511752508
1756352470
1658590139
2092482411
899416499
1460416375
1209756212
1557162467
92145257
30891209
1230547707
1349254887
1761170148
1084002907
351665348
305239123
1089474864
1015787690
78493015
1709370071
841712430
2029387249
558157173
26935668
1513952973
1642550658
524609095
1798617360
1848092898
1458451765
2028205673
212361758
1067320587
1539312164
157360521
1966737086
852244892
1367116734
1376415906
944390149
1398007943
459479965
146161389
1011694443
1543482872
497826737
1316933567
485474088
1513614427
1395426582
47360512
207843209
1277330183
605517685
234778877
643799508
100584695
759387972
294933221
1948677594
70356089
175655246
13555704
1137676676
1714967410
170916226
956930115
419728654
1538032960
185862373
1364118804
788557255
645342338
1510280193
1800251699
41341562
2008106930
969701618
526815651
1374237709
217644552
574176163
1582080918
1494974735
1179693848
1816859796
2138774244
1280278544
428764120
286223817
1081472490
499120210
461879063
1095028194
1636796886
29362825
1265944420
446243353
449091480
656493732
632105726
1813210284
1445050988
1277448064
1176006829
1097819039
1318789627
1036630111
2067520657
1845605278
263384172
137681561
272297793
1845465090
1632656296
1451991641
1514841238
1623946892
584786537
1943605359
1910170709
1666259027
295241921
224566124
613803574
1932038807
253928950
1879747994
230798513
703020430
388758079
862904239
368747066
1833809067
2140352304
1544753895
784144458
1311658283
433900358
704181467
1009779913
697284530
841863028
1282077706
395265972
327035676
586585699
1910107211
1950982569
1171372237
1706228922
1713669630
690147616
2001470843
1938235755
1303951190
1786026002
44681057
1036215537
2016824515
747701487
1424973616
732245107
1116448553
1111299035
725113763
513718800
1895443493
2036772046
947619158
452141312
899068311
1644903688
1294004340
33662369
2040169660
1621040016
620248068
1802793223
1424538937
1791620305
1361538497
990724920
334284274
1215525692
781477027
1638235464
854068047
826158084
526967353
723408914
1573859571
1951940969
1455654021
542824476
915756356
33284136
1056543276
663716201
2070056182
2004162434
1115857513
821640845
1501582474
262378205
