70274
580006
1224462
3216168
3512939
3894923
4014418
4389022
5059936
6380313
7079863
7587330
7969710
8245367
8780523
9891613
10132215
10239813
11572995
11770039
12261995
12331123
12927529
13707377
14260668
14631487
14704899
14795790
15029387
16257028
16282021
16656696
17172189
18214463
21022948
21643813
22220117
22439852
22451009
23657374
24488216
25387709
26593371
27703191
27828169
28333425
29319242
30038339
30475448
31105979
31118997
31199892
32885627
33566067
34033957
34682767
35773389
35873244
36340489
36362796
38197710
38531331
38701341
39394068
40495106
41671315
41900790
43038775
43770542
43895493
44518082
44944903
45159176
46861791
48077801
48612095
49944380
50752359
51406064
52117155
52579039
53630234
54046566
54108316
54466750
54628758
55075320
55815945
57175495
57338624
57879527
59067182
59232362
59314997
60175833
62119067
62536972
63925837
64818398
65043057
65271955
67684754
69284895
71401499
72742623
73937556
75880973
77256988
77600399
79959930
80251451
82026529
82285901
82972371
83089595
85166711
86107456
86821547
86997207
88112146
88443787
89169695
89190395
90108739
90686160
91649647
91949881
92798674
93148099
94544424
94686390
95265557
96431001
96833491
97512259
99277208
100851430
101491109
101844944
102292840
103069556
103548108
103972464
104274211
104463779
104572715
105434528
105491573
106779598
106952812
107070825
108443671
108504717
108574991
109575591
109622384
110042089
112046791
112378188
113087191
113309369
113318367
113678367
113782910
114713054
114725547
116160656
117406060
117442987
117930096
119440134
120880709
121037013
121603779
122325851
123216249
123901795
123967068
123996580
125138515
125395708
126029530
126586568
126611443
127609808
129028760
129561502
130919908
132382671
132494601
132568291
133993811
136312164
136486708
136899450
136999784
137587939
138084003
139302903
139492714
139904199
140810053
141517052
141861652
142254841
142701730
143399455
144904698
144924744
145413093
147360661
149756921
150145706
150154021
150267853
151340520
151600381
151774505
151863463
152525699
152571681
153510992
153746400
154299604
154597272
155698168
156148493
156333624
156401811
160695104
164488932
164591540
164871827
165412428
167366157
167775363
168320071
168745980
169453200
169609800
170022739
171669240
172006279
172348623
172354136
173068279
173490630
174212849
174722034
174751253
175622452
175736235
176034210
176321561
178212706
179923087
182375469
182907211
184914487
185622884
186080070
186261590
186537548
187231627
187370831
187799987
189156798
189364092
190319616
191983715
194499967
194533295
195629844
197422464
198102326
198273804
198444704
199210250
199654490
200397736
203082880
204788422
205788252
207026173
207047702
208188414
208435576
208927746
211811349
212222547
212327031
212385319
212780101
212936255
213181137
213194187
213248137
213267536
214223289
216100487
217082565
217600391
217672179
218474030
219180903
219624642
220258188
221041948
221049460
222347797
222931638
223034441
224073284
225041745
225284539
226993990
227328779
227409259
227460679
229562178
229729244
230906302
232521516
233208671
234346714
234608291
235211149
235325552
237665928
238313193
240399441
242469843
242573421
242680420
244277022
245760711
246436642
246468510
247300358
248314771
248779636
249761849
250404886
250954880
252251102
252502576
253684161
254357020
257084882
257231466
258041041
258070155
258624817
259344656
260715063
261929504
261979429
262159527
263926587
264105530
264313718
264359905
264679854
265122806
265440512
265859552
267024383
267187897
268264530
268663894
270094017
271067642
271967786
272482318
272640901
275160461
275549509
275894326
276273254
277207207
279081091
280142746
280301790
280807166
281813330
282209051
283468542
285229988
286504087
287691238
288879605
289331146
289837016
289937675
290736688
290823789
291100232
291546262
292076202
293215758
293759441
294248066
294732248
295084114
295165552
295731395
295754857
296911507
297117582
297346949
297600313
298117827
298402318
298576269
299884144
299917121
300973767
301565073
301916063
304301400
304310313
305307811
305358893
306263977
306347027
307254658
307569059
308391970
310498520
311090371
311609167
311626563
311651188
312467094
312562586
313926653
314966650
319412277
319834209
321022599
321537314
323006516
323566905
323623727
324294171
324425983
324481649
324485519
325267430
325357826
326212870
326330392
326950820
327220644
327741482
327898870
328488798
328815623
329391237
329618173
330834176
331450018
331505145
332182355
332446262
333103256
333258523
334197477
337019826
337426868
337822661
338127425
340668438
341685509
342034689
342094147
342968077
343154646
343554230
343784791
343916475
346837816
348870186
348903937
349667652
349867624
351019823
351286217
351315640
351433090
352538723
352847269
353066388
353703587
353819754
353984073
356810001
357271268
358258815
358931786
359821465
360073896
360882834
360996969
361613336
361880593
362609499
362775088
363674810
363913357
364993853
365176986
365466793
365755598
366200059
366703997
366737557
366886487
368035598
368463754
368559083
368904227
369049367
369773959
370982904
371402891
371545191
372424620
373326274
373727914
374414462
374546607
374668169
374760691
375628426
375695468
376785451
377737627
377953357
378049177
378364553
379398177
380627594
380649489
381188792
381190975
381339186
381677086
381759484
382235663
382787933
383374924
383546890
385130523
386328788
386603262
386978240
387381869
387996425
388121431
389381106
391880143
391995799
392054214
392822022
393011769
394098578
394732304
395806408
398051554
398221082
398698305
400436401
401712229
402640516
402728117
403779507
403851864
404664819
406235736
409005892
409478857
409577148
409612859
410265984
410269065
410768732
411642406
412145862
415599028
417084362
417575792
417623925
420560883
421314017
421653612
422289872
422961219
423145720
423774738
424358842
425631591
425743424
426390260
426413080
427225394
427369837
427594603
428028905
428808850
430845419
431466650
431507934
432024941
433313988
433635678
434120877
434839618
435937715
436358957
436907263
437616883
439939417
442287646
443075199
443127898
443348876
445649635
447086460
447428857
447660343
447667495
448610702
451418950
451498503
452669522
453086662
454177813
454708578
455403952
457054861
457099849
457875057
458652573
459687539
459713945
459830373
460041709
460070169
460920377
461139769
461465379
461712613
462146919
462287410
462645429
462975202
463992169
464594768
464652708
465580323
465842927
465909506
467728129
468001992
468008633
469304156
470544097
470679450
470743860
471996815
473849743
474487301
474840581
476452944
478009335
478277232
479394091
479568794
480529132
481361312
482024661
482665856
486418911
486660286
486915285
487120361
487697956
488040494
488600286
488981036
490381782
490386325
491084697
491818756
493026944
493186440
493378463
494005199
494073405
494776023
495512736
496125755
497109398
497747455
498151502
499384309
499867672
500239437
500453130
501410264
502209819
502643777
502735663
502988259
503400878
503897492
504107727
504217258
507818357
508126075
508132823
509063335
509102998
509430801
509523348
509530555
510110121
510393669
512182138
513413538
513811773
514302360
515106305
517089800
517752010
517914020
518061537
519026714
519994253
520257575
521326562
522236000
525017704
526102330
526571642
528834577
528854164
529828063
531630180
531926835
532819572
533027915
533114112
534435902
534469286
535914440
536267365
536729336
537131237
538985899
541465301
541998061
542776463
542976043
543301052
544008483
544338885
544371454
545779444
546821853
547089684
547195413
547622569
548061886
548391663
549294148
549331936
551174770
551559836
551712930
552434777
552572186
552755910
552783227
553245005
553634088
553800797
554005706
556458999
557486614
557503587
557550552
558516046
558997377
560249978
560566712
560679791
562036473
563824536
565142171
565532089
565767439
569941295
570224431
572141826
572685769
573585296
573835884
574386580
575509092
576067504
576070914
576080634
577123145
579200897
579569938
579642833
579748447
580491469
580956656
580969734
582402217
582885254
582982184
583679821
583778589
583911598
585552934
585926041
587016039
587189005
587453824
587577996
588747860
588822328
589212245
590050674
591334632
591955600
592846826
593601557
594163493
595059005
595200033
596623942
598068007
598517219
598600496
599328374
599789604
600712149
602175968
602498924
602810750
602980571
604984368
605066253
605377837
606405530
608435388
609004035
609937325
610935053
611232843
611773220
614772256
614774438
615100157
616921992
619059127
619524086
619733595
620412137
621218538
621231486
622006465
622207397
623909383
624019811
624349414
624448552
624702241
625381564
628168551
628552252
629800648
629902146
631427154
631751903
632085638
632264331
632564569
633134059
633138448
633336166
635581953
636499029
636718634
637110559
637601173
639094396
640233268
643548542
643677215
643796761
645646565
646350454
647142093
647839488
648819348
649294336
650445416
650864973
651778622
651907413
651992562
652821465
653624687
654670770
655347066
656014680
656339853
656532113
657387851
658131120
660627230
660917122
661544606
662342983
665615259
666179117
666943853
667041835
667394201
667645208
668298435
668309829
668582549
668864722
668874928
669157890
670999417
671690022
672609773
673597925
674854848
675541389
678222692
678864752
679065770
680093365
682032101
683101412
683456505
683855163
684491636
684955131
687339652
687457970
688191696
688238995
689003555
689621369
689991116
690685578
691079977
691201130
691812227
692944573
693018755
693668262
694409246
694697292
695651124
696245053
696345225
697713036
699036102
699040977
699730791
699830371
700443551
701177088
701256801
701792592
701820574
703156967
703283517
703848700
704658965
704889678
705042359
705380886
706085514
706198433
708589117
709537184
709975433
710064455
710994858
711224925
711487224
711709787
712742586
715979535
716554139
717390856
718302378
719072954
719150347
720486808
722001978
722166638
723614284
725408119
725881400
726156654
728034491
728660243
729155197
729867648
730040051
732741999
732780256
733915888
733932945
735350902
735864855
736702767
736896053
737094232
737484288
738980798
739757392
739933079
742494506
742546970
743189184
743804647
744197438
745629324
747653325
748564715
748788303
749011142
750996258
751151642
751713703
751969708
752067748
752338536
753498564
754201163
756671457
757311692
758307022
758741151
759784111
760498597
760593755
761670045
762078524
763881286
765571139
766531162
766775685
771000636
771915713
772098111
772790042
774818203
776732117
778636603
778809435
778820485
779094620
779102746
780445282
781022168
781371582
781658961
781684847
783585177
783962512
785075308
785676289
785971204
786533102
786935922
787526838
788081144
789463755
789592116
790447196
792349484
792794709
793169960
793388814
793704780
794002534
794042492
795046718
795363816
795956367
797036094
798901931
799895584
799927404
800338083
800608341
803276125
803540963
804540618
806920952
807682455
807742593
808606512
808677071
809073435
809347761
810499955
811438564
811750115
812477254
813365602
813512444
813584708
814410818
816214961
817131093
817273759
817491264
817979904
818549755
820000031
820310150
821399907
822268990
822771076
822782206
823032924
824509983
825089694
825271590
826180013
826257226
826281713
827495885
828078446
828952145
829194441
830897188
831193768
831438492
832142821
832558730
833008191
833228268
833365489
834425848
834581693
835659103
836453653
836558944
839777208
840212413
841382422
841841046
842368346
842466632
842642626
843765946
844143724
845170396
846214079
846300582
849029235
849552993
849728747
849868587
850854055
850926344
853083370
853204813
853756299
854171576
855599493
856565417
856680663
857113743
858222082
860069573
860755973
860759780
861957918
862977633
864371365
864602395
864759835
864901519
865264528
865329295
865947768
866173097
866527775
866791373
866997068
868110187
868886748
868976414
869105950
869523595
871017231
871310229
871599580
871632541
871653029
871661495
872754872
873219245
873583753
874010616
874211889
876081556
876561890
877055346
878702229
878993312
879460062
879663568
879842855
880002304
881306185
881788061
881825076
883114623
883555587
884000509
887011988
887035874
887206688
887414406
888326381
888785879
888906388
890106280
890405250
891360842
892144331
893425555
893561863
893877263
896625684
897546621
899910111
900356883
900943479
902585803
903056014
904068040
906939140
907037339
907122462
907530299
907768144
908065933
909152388
909750798
912231149
912503801
913100684
913106741
913462891
913602253
913642120
913898834
914614907
914666840
914869175
914946747
915313452
916577238
918217658
918471932
918801724
920108220
921221672
921382876
922968712
923344996
924096210
924338398
926690196
926919912
927277528
927699553
927963032
928103542
928449184
928588399
929174112
929470728
932165485
932321327
932881025
933029392
934357870
935875923
936814501
938315840
938554594
939181907
939455397
940899404
941456106
943715147
943837562
944742407
946057098
946380492
946628485
946956995
949699385
950848849
951063145
953068516
953125952
954291183
954427076
955554933
957890347
958231422
959646425
960996547
961317104
962782622
964346219
964886955
966297349
967002237
968493486
968561843
968623921
969592665
970809377
971319584
972000292
972039820
972098322
973780835
973986290
974724464
975372926
975735332
978788592
978883104
979754736
980664080
980933422
981056770
981419904
981541714
981662993
982159536
983866400
983879836
984294327
986419402
986958412
987550322
987827376
988712715
989040337
989531584
990373812
990437144
991267487
991781527
991976481
992784094
993256042
993389752
993583873
993990869
994521749
995015460
995637267
995692440
996033807
996714290
996814795
996876221
997894252
998534150
999712297
1000307164
1000660173
1001531626
1002785187
1002898897
1005917210
1006072151
1006476060
1007090152
1007443230
1007788852
1008251997
1009175828
1009251909
1009341552
1009720359
1009747120
1011030678
1012017116
1012213261
1012571863
1012739776
1013740649
1014383161
1015274994
1015554530
1016370368
1016656412
1017161741
1017257498
1019502248
1019930663
1020567571
1020673155
1021344375
1022191437
1022575446
1023001762
1024123199
1024441422
1025137387
1026197120
1026740221
1026777633
1027563023
1027794121
1027833328
1029611717
1029930026
1030413447
1030792562
1031791058
1032377758
1032709498
1032922744
1033091027
1034655707
1034835691
1035412007
1035884886
1037667908
1037993407
1038315707
1038838489
1038935772
1040254442
1041600239
1043466966
1045164149
1046379280
1047099454
1047439184
1048141791
1048357930
1048617653
1048651009
1049292725
1052055946
1053153719
1053207231
1053995678
1055729394
1055846616
1057510919
1058307443
1058514277
1058550200
1058661707
1060400292
1061051312
1061958125
1062378986
1062748223
1063497935
1063960582
1064748747
1064757380
1065247900
1065993100
1067560559
1068190527
1069399098
1071366571
1071562407
1072485694
1072504558
1074191205
1074671729
1076524472
1079650241
1080126015
1080883371
1081616918
1081716415
1081821912
1081959087
1082259086
1083111252
1083685665
1083825578
1085012353
1086049464
1086440223
1086865073
1086959511
1087971921
1089104735
1089534200
1089942985
1090356450
1090855133
1090897333
1091460458
1092127361
1092137682
1092777021
1092840653
1093188082
1094586939
1095383221
1096293857
1098078576
1098574904
1100576697
1100759506
1102830896
1103690365
1103931371
1104629016
1105090897
1105590144
1105714545
1106234529
1106239939
1106646344
1106658599
1108190750
1109116438
1109492414
1109690036
1112012295
1112028814
1112843867
1114226614
1114382725
1114404978
1114611348
1114810567
1114865378
1114957947
1115484984
1115909485
1116753418
1117246168
1117276748
1117521535
1117930510
1118266983
1119108677
1121910557
1124411981
1125210279
1125819812
1125836888
1126091994
1126451127
1127717697
1127923206
1131297385
1131921720
1132509175
1134042382
1134179371
1134370645
1134509457
1134732282
1136619329
1136692078
1138516225
1138673510
1139097473
1139457790
1139924432
1139926268
1139988492
1140261461
1140763360
1141148894
1141766076
1142329937
1142357779
1142675515
1143664906
1145545702
1145666090
1145878088
1147217078
1149777475
1151634074
1153153665
1153753009
1154175107
1154375560
1154651789
1155110316
1155930771
1156638990
1156830113
1157055998
1157763134
1157917520
1159108199
1160950220
1161552554
1162146385
1162228571
1162342798
1163021538
1163466759
1163475433
1163891711
1164658698
1165623333
1166613182
1167352193
1167803003
1170934127
1172698819
1173006350
1173281343
1173464886
1173513425
1174561633
1175367881
1176248191
1177115411
1178711870
1179937124
1180620569
1181192177
1182148141
1182686701
1183220405
1185110766
1185398581
1185541524
1187385613
1187646729
1187648566
1188853766
1189383271
1190075315
1190752785
1191292006
1191594962
1193698401
1194661112
1194820331
1195310021
1195796873
1195891288
1197000581
1197157512
1198416847
1198601831
1198763789
1200774178
1204164724
1204276188
1205488310
1205523605
1205953186
1206092058
1206322502
1206673519
1207012002
1207384904
1207710957
1207950078
1208030601
1208045580
1208186715
1208504066
1208916096
1209549414
1210003598
1210016532
1211385697
1211721990
1212823977
1212855769
1213731767
1213979367
1214505668
1214721128
1216229763
1216435710
1216846606
1217400594
1217453123
1217453773
1217582381
1217709479
1217982968
1218132112
1218199652
1218767779
1219385113
1221021091
1221410546
1221415820
1221455475
1221802577
1222310231
1222619404
1222949993
1223616292
1226016217
1226089024
1226562469
1226810039
1227905428
1228067334
1229852480
1230947705
1230989030
1232491195
1233012355
1233714277
1234184116
1234385599
1235246171
1235464514
1236376479
1236982242
1237188716
1237285182
1238704871
1240133685
1240291576
1240858829
1240982449
1241215323
1241568918
1241695945
1242740808
1243150976
1243731948
1243799393
1243957040
1245253228
1245289463
1247812524
1248659250
1249353532
1249724559
1251176655
1252558682
1252589581
1252841821
1252902019
1253109178
1253622780
1253673786
1256548753
1256935580
1258451632
1259721063
1260289006
1260290423
1261934024
1262335689
1263546789
1264313667
1264495292
1265556605
1265807888
1265894368
1267230086
1267391874
1267633752
1268803316
1268967006
1269531793
1270031168
1270305986
1271909713
1273345688
1273535097
1274144697
1275296424
1276434191
1276685923
1277213201
1277217083
1277516439
1279686357
1281326237
1282416323
1282505753
1282806661
1283130594
1283738816
1283846954
1285186793
1286917317
1287205370
1288313443
1288398952
1288455889
1288542278
1289853769
1289919583
1290524209
1291855263
1292919243
1293327203
1293841944
1293863500
1294376282
1294985922
1296995935
1297441028
1298800345
1299054128
1299857249
1302847801
1303143798
1303176184
1303354588
1304036271
1304185482
1304197072
1304679013
1305138108
1306214587
1307556854
1307968000
1308042746
1309560210
1310216920
1310227980
1310364867
1314783126
1316068036
1317121695
1317344135
1317467073
1318276525
1319308658
1319358448
1319466075
1320794955
1320952587
1321372550
1321623834
1322059136
1323659432
1324188054
1324624932
1324730813
1325095358
1325637499
1326666430
1326797405
1328444821
1328464356
1328937059
1329403898
1330174374
1330185046
1331711630
1332515736
1333000821
1333405904
1333857758
1334316927
1335366569
1335420361
1335580969
1335900782
1336412160
1337921263
1338595424
1339905770
1340661104
1341003179
1344039037
1344331974
1344480011
1345542399
1345755422
1346140330
1346839220
1347287460
1347788780
1348178746
1348797758
1349331436
1350104788
1350238598
1351801467
1351923580
1352553413
1353172570
1353246722
1354620482
1355279581
1355321725
1355567271
1356286488
1356508403
1357357532
1357401154
1357973138
1358023841
1358045629
1360690096
1361331001
1362195960
1362743818
1363002179
1363387061
1363836623
1363858403
1365089591
1365569313
1365685301
1365842017
1366333771
1366575081
1368007447
1368236108
1368695771
1369082439
1369096489
1369751350
1370436972
1370642985
1371627695
1371894419
1372263092
1373851878
1374478376
1375686265
1376170238
1376444762
1376752792
1377327806
1380625459
1381113859
1381447703
1381490235
1382612970
1382694348
1383137743
1383385576
1385024255
1385042307
1385780176
1386016335
1388297276
1388356287
1388672799
1388763775
1390786033
1391639723
1393068916
1393274399
1393313752
1395078510
1395294832
1395975844
1397167130
1397429914
1398222590
1398234692
1398246188
1398478269
1400393973
1400486463
1400682744
1402430752
1402910917
1403026593
1405184423
1406391878
1406927486
1407196867
1407767152
1408551305
1408563339
1408908926
1409354355
1409354899
1410642629
1410906062
1412119464
1412245263
1412418653
1412956325
1413138755
1413267696
1413883006
1414098237
1414531413
1414741920
1414890866
1417048843
1419065137
1419251515
1419355725
1419485255
1419742563
1421170940
1421235245
1421316231
1422002588
1422834790
1424798932
1424998716
1425075302
1426298161
1427092088
1427434693
1427635393
1428361847
1428549387
1429908155
1429977409
1431705186
1431834442
1431842061
1431863142
1432519214
1433161241
1433503316
1434398207
1434726034
1434760420
1435726340
1438813238
1439293082
1439318887
1440987475
1441284964
1441825684
1442504867
1442984807
1443160370
1443528256
1444280406
1444410631
1446043544
1447028578
1447087799
1447120371
1450035365
1451000396
1451059147
1451104973
1452596362
1452837440
1455688183
1456101521
1456621695
1456754665
1456788046
1457036929
1457589959
1458374589
1458649101
1460609973
1460666845
1460950761
1461776666
1462467981
1462586576
1463608537
1463806284
1464673790
1465105046
1465178032
1465595900
1466247550
1466461091
1466673522
1467300032
1469803799
1470673742
1471355369
1471702209
1472104118
1472200425
1472429215
1474439577
1475255526
1476546247
1477834012
1478343945
1478431322
1478943097
1481038736
1482627039
1484357426
1484887985
1485306313
1486352452
1487260216
1488754161
1491067708
1494335178
1494715961
1495322288
1495683058
1496119630
1497595869
1497810424
1497923694
1498296950
1498520692
1498773867
1499389162
1500236031
1502577066
1502611545
1502715968
1503454066
1503798192
1503850323
1504282102
1506613980
1506663825
1506791555
1506854976
1506858400
1506870780
1507510093
1507731413
1510020096
1510305484
1511623251
1511912484
1513521652
1514668115
1516378845
1516878531
1516887493
1517611038
1518613167
1518661002
1518907358
1519457556
1519597360
1519861434
1519888157
1520503690
1522090243
1522144808
1522408357
1522761585
1523874560
1524671803
1526181650
1527442878
1527925796
1528673272
1529402930
1529714869
1531497855
1532637122
1534664910
1536170178
1536992720
1537599910
1540470334
1540770364
1540779523
1541184590
1541190678
1542642398
1542647614
1543405654
1543651897
1545181509
1545637861
1546562553
1547968595
1548430597
1548450371
1548751110
1549418596
1550775084
1551817710
1552829826
1552970027
1553772243
1554114778
1554693059
1554799047
1555583060
1557438189
1558637603
1558969337
1558981950
1559249913
1559652163
1560050493
1560203832
1560602118
1561254436
1561586318
1562456528
1562615803
1563690550
1564547296
1566490893
1566839658
1569792011
1570474226
1570784276
1571719737
1572334280
1572925966
1574993572
1575172523
1575825460
1576038390
1577620426
1579066336
1579471516
1580601683
1581140961
1582820536
1582979328
1583598906
1583640265
1584360192
1584654971
1585878558
1586620815
1587135258
1588842679
1588864112
1594114391
1594454390
1594695581
1594781642
1595073964
1595628592
1596494679
1596738248
1597436567
1600253502
1601569213
1602104739
1603604603
1604186615
1605618838
1605639166
1607189533
1607694329
1608291744
1608294530
1609636967
1609962058
1610351239
1611707240
1611713916
1612841682
1614859004
1615279823
1616226222
1616337530
1616505123
1618579502
1618836347
1620549502
1620736137
1622307976
1622375178
1622424816
1623368255
1625383248
1626379746
1629066238
1629314690
1629906603
1630128120
1630278676
1630400817
1631330549
1633342357
1633969285
1635800836
1636536137
1638651922
1639266877
1639639713
1639769670
1639975233
1641517142
1641831623
1642570615
1643293158
1643562544
1644072515
1644480766
1644879073
1645465614
1646761456
1648676811
1648801144
1649223195
1650359988
1650644093
1650963859
1651565524
1651795923
1652079061
1652303641
1652403108
1652417490
1654763272
1655023117
1655452414
1656271757
1656372495
1656409136
1656717250
1657000535
1659319523
1659473118
1659935728
1661492207
1662700726
1663006833
1663132971
1663313455
1663443570
1665306658
1665724607
1666024832
1666360052
1666395636
1667036647
1669322327
1670141574
1670737106
1671380177
1671533329
1673247002
1675115356
1675385899
1675838492
1676569375
1676807655
1677008061
1680276289
1680304336
1681181420
1683535219
1684518890
1684733588
1684987025
1686418899
1687059828
1687338574
1687472262
1687727262
1689121075
1689487878
1691444525
1692771720
1693001580
1694522040
1695642387
1696606529
1697152129
1697183301
1697580609
1699443567
1700678749
1700692498
1700699806
1700811650
1701363012
1702178582
1702734112
1704089317
1704232844
1706292303
1706492357
1707175997
1707667195
1708366526
1708470557
1708497081
1708896346
1710485892
1711017073
1711266284
1713157988
1713372937
1713556016
1714930381
1716231954
1716487096
1717360021
1718300322
1719974874
1720541916
1721149076
1722982211
1723473262
1723592519
1724665645
1724737981
1729935400
1730751648
1730874227
1732194916
1733764363
1733958239
1735522341
1737661683
1739721555
1740295603
1740872757
1741120391
1742505546
1742784473
1743922650
1745153797
1746325711
1748283076
1748639535
1750869069
1751071491
1751538080
1753969384
1754723036
1755434163
1756401995
1757231883
1758190766
1758249590
1759157993
1759173054
1760595576
1760820230
1761668189
1761738463
1763102490
1763537091
1763957883
1764603686
1765855127
1766441040
1766610300
1767752830
1768253757
1768527924
1768589197
1768879406
1769599516
1770017159
1771362802
1772146639
1772580456
1773813019
1774222127
1775077812
1775953226
1776630238
1777836963
1777969796
1779945950
1780841633
1780849924
1780985400
1782187733
1782909317
1785210836
1785997740
1786468337
1787610920
1788634213
1790054781
1790213894
1791903885
1792188578
1792323264
1793311758
1795294421
1797536689
1798011998
1798772420
1799857279
1800372988
1800967587
1801491488
1801609079
1802857842
1803771879
1803807759
1804361324
1804850527
1805470030
1806603815
1806644359
1807484086
1808654063
1809483055
1810349750
1810441366
1810563217
1810703388
1812186637
1813438441
1814521780
1814763061
1815503850
1816843390
1817817086
1818484053
1818625621
1818816325
1818820303
1819385855
1819689359
1819695565
1819881926
1820259306
1820418538
1820448392
1820694187
1820968257
1821113916
1821729511
1822574318
1824525990
1824690425
1825467790
1827424477
1827629480
1828148880
1828343881
1828666833
1828976779
1829035327
1829779829
1830841393
1831172577
1832029345
1832187146
1832489955
1832603212
1832970799
1833070752
1837754964
1837998398
1838365660
1840210426
1840921924
1841408569
1842757683
1844422905
1845482852
1845850345
1846270313
1846927686
1847099039
1847151799
1848237765
1848526544
1849010790
1849373169
1849528891
1850807260
1852987535
1853393568
1853859041
1853904234
1854911669
1855030821
1855201479
1857274654
1857341479
1857515246
1859434134
1859982289
1864384429
1865097994
1865272882
1866071319
1866897492
1867888836
1867902852
1868410920
1868807487
1868981624
1869544867
1870313454
1871204660
1871849575
1874687572
1876986481
1877327536
1878194447
1879140153
1879212347
1879884538
1881788492
1882312846
1882446785
1882567980
1882844089
1884976582
1885466588
1885524591
1885692741
1886040955
1887064374
1887145635
1887924035
1887996699
1889284367
1889476419
1889753910
1890071268
1891046669
1893155905
1893531595
1893632575
1893767382
1893931763
1894671896
1894847215
1894941593
1894967537
1895719188
1896153289
1897259406
1897787088
1899020648
1900262379
1900768946
1903003403
1903100167
1903843135
1904503473
1904696117
1904696473
1904712061
1905569339
1906163811
1906307618
1906581985
1907200615
1907353831
1907618701
1908322822
1910223992
1910417048
1911003309
1912042579
1913400299
1913792357
1914020439
1915613057
1916166501
1916292532
1916683714
1917270776
1918017903
1918140581
1919146281
1920654395
1921082184
1923770089
1924007785
1925097649
1925263597
1925528949
1926142736
1926381584
1930124953
1931781773
1932501263
1934125542
1934351288
1935500334
1935651464
1936489717
1936914646
1937327201
1937374879
1937574193
1942682849
1943211515
1944936215
1946002956
1946207806
1946368844
1948209806
1948236197
1948816466
1949722948
1949775927
1949870115
1951919046
1953125183
1953318058
1954595138
1955272594
1956129437
1957880587
1960350568
1960579395
1961167939
1961487451
1962078075
1962254829
1962366189
1962848707
1962937439
1963447954
1963779243
1964187963
1964251312
1965379027
1966141089
1966308392
1967809053
1969235810
1970847893
1970859586
1971514708
1972415750
1972612410
1972746741
1973348291
1974564047
1974672433
1975188746
1976728842
1977534393
1978018858
1978383078
1980248438
1981251928
1981913571
1982312174
1983543883
1984063870
1984084209
1984098823
1984256124
1984300985
1984388086
1984671991
1984741946
1984871263
1984966351
1985845089
1986934589
1986949920
1987700936
1988040646
1988741937
1989395693
1990080401
1991686153
1992203435
1992552252
1993043573
1993332622
1993736511
1994479439
1994720667
1995612327
1995718350
1996049487
1996427100
1996543984
1997306160
1998343673
1998366154
1998479461
1998752180
1999022055
2000418571
2000805107
2003290073
2003606420
2003744076
2003802778
2004449817
2004670341
2005161509
2006091473
2006111438
2006140337
2006591527
2006907893
2007809581
2008459973
2008574108
2009505491
2009767341
2010768019
2010917077
2011851787
2012020557
2012474391
2012841936
2013076396
2013754193
2014176042
2014252307
2014280958
2015092652
2016552458
2017025317
2018071194
2018118957
2018383966
2019000308
2019339702
2021724493
2023033080
2023584573
2023864568
2024018821
2024302406
2024763869
2025072083
2025126152
2026748356
2029279911
2030720462
2031854035
2034171955
2034695433
2034996553
2035360098
2035537195
2035680063
2037334371
2037490117
2039599441
2041002886
2041487784
2042167686
2042221700
2043160163
2043497789
2044252174
2044290126
2045662950
2047387991
2048506483
2049801199
2049966997
2052194729
2056316771
2057772824
2057803898
2058387131
2059250183
2059299093
2059636779
2060046309
2061691483
2063305220
2063650099
2063657809
2063892647
2066498716
2067181988
2067438175
2067483726
2067868850
2069079223
2070423782
2070605407
2071084434
2071346398
2071528895
2071547658
2071933874
2072577398
2073202690
2073495317
2073789913
2074212302
2074601326
2075945506
2076902061
2077927971
2080350344
2080372315
2080700503
2081065405
2081394396
2083324070
2083804788
2084014620
2084237874
2084481622
2085690480
2087322250
2087919680
2088166220
2088299406
2088382194
2090223265
2090560110
2090810149
2090833089
2090851036
2092244307
2094680790
2096748286
2097236109
2097251014
2097879001
2099036768
2099395736
2100010207
2102932906
2104581683
2105077319
2106240538
2110399915
2110581488
2111297767
2111589659
2111709897
2112127391
2113261642
2114614748
2115047478
2117994953
2119891891
2120455407
2120656047
2120967263
2121598522
2121728569
2122114685
2123205635
2123460853
2124436004
2124623616
2126832325
2128301913
2129720908
2130490602
2132693073
2133347828
2134133744
2134480631
2134511103
2135818533
2135830648
2136575814
2137159073
2137202442
2137678178
2138150955
2138423292
2138854993
2139038838
2142176278
2142680521
2142719253
2142749448
2144110295
2144311179
2146373827
2146438130
2146593480
